7-f

윗줄 깨진 타일 [(79, 40), (79, 40), (79, 40), (79, 40), (79, 40), (79, 40), (79, 40)]
아랫줄 깨진 타일 [(79, 46), (79, 46), (79, 46), (79, 46), (79, 46), (79, 46), (79, 46)]
왼쪽 깨진 타일 [(46, 92), (46, 92), (46, 92), (46, 92), (46, 92), (46, 92)]
오른쪽 깨진 타일 [(39, 92), (39, 92), (39, 92), (39, 92), (39, 92), (39, 92)]
좌상 모서리 [(46, 40)]
우상 모서리 [(39, 40)]
좌하 모서리 [(46, 46)]
우하 모서리 [(39, 46)]
너비, 높이, 면적: 79 92 7268
선택한 영역의 넓이:  7222.0
18
Bin 1:
	(46, 92)	(0, 0)
Bin 2:
	(46, 92)	(0, 0)
Bin 3:
	(46, 92)	(0, 0)
Bin 4:
	(46, 92)	(0, 0)
Bin 5:
	(46, 92)	(0, 0)
Bin 6:
	(46, 92)	(0, 0)
Bin 7:
	(79, 46)	(0, 0)
	(79, 46)	(0, 46)
Bin 8:
	(79, 46)	(0, 0)
	(79, 46)	(0, 46)
Bin 9:
	(79, 46)	(0, 0)
	(79, 46)	(0, 46)
Bin 10:
	(79, 46)	(0, 0)
	(79, 40)	(0, 46)
Bin 11:
	(39, 92)	(0, 0)
	(39, 92)	(39, 0)
Bin 12:
	(39, 92)	(0, 0)
	(39, 92)	(39, 0)
Bin 13:
	(39, 92)	(0, 0)
	(39, 92)	(39, 0)
Bin 14:
	(79, 40)	(0, 0)
	(79, 40)	(0, 40)
Bin 15:
	(79, 40)	(0, 0)
	(79, 40)	(0, 40)
Bin 16:
	(79, 40)	(0, 0)
	(79, 40)	(0, 40)
Bin 17:
	(46, 46)	(0, 0)
	(40, 46)	(0, 46)
	(39, 46)	(40, 46)
Bin 18:
	(40, 39)	(0, 0)
께진 타일 수 : 30
깨진 타일로 패킹하여 만든 온장 수 : 18
깨지지 않은 타일 수 :  42