13-f

윗줄 깨진 타일 [(110, 28), (110, 28), (110, 28), (110, 28), (110, 28)]
아랫줄 깨진 타일 [(110, 39), (110, 39), (110, 39), (110, 39), (110, 39)]
왼쪽 깨진 타일 [(33, 82), (33, 82), (33, 82), (33, 82), (33, 82), (33, 82), (33, 82)]
오른쪽 깨진 타일 [(55, 82), (55, 82), (55, 82), (55, 82), (55, 82), (55, 82), (55, 82)]
좌상 모서리 [(33, 28)]
우상 모서리 [(55, 28)]
좌하 모서리 [(33, 39)]
우하 모서리 [(55, 39)]
너비, 높이, 면적: 110 82 9020
선택한 영역의 넓이:  8951.0
12
Bin 1:
	(55, 82)	(0, 0)
	(55, 82)	(55, 0)
Bin 2:
	(55, 82)	(0, 0)
	(55, 82)	(55, 0)
Bin 3:
	(55, 82)	(0, 0)
	(55, 82)	(55, 0)
Bin 4:
	(55, 82)	(0, 0)
	(33, 82)	(55, 0)
Bin 5:
	(110, 39)	(0, 0)
	(110, 39)	(0, 39)
Bin 6:
	(110, 39)	(0, 0)
	(110, 39)	(0, 39)
Bin 7:
	(110, 39)	(0, 0)
	(110, 28)	(0, 39)
Bin 8:
	(110, 28)	(0, 0)
	(110, 28)	(0, 28)
Bin 9:
	(110, 28)	(0, 0)
	(110, 28)	(0, 28)
Bin 10:
	(33, 82)	(0, 0)
	(33, 82)	(33, 0)
	(33, 82)	(66, 0)
Bin 11:
	(33, 82)	(0, 0)
	(33, 82)	(33, 0)
	(33, 82)	(66, 0)
Bin 12:
	(39, 55)	(0, 0)
	(55, 28)	(39, 0)
	(33, 39)	(39, 28)
	(33, 28)	(72, 28)
께진 타일 수 : 28
깨진 타일로 패킹하여 만든 온장 수 : 12
깨지지 않은 타일 수 :  35