윗줄 깨진 타일 [(69, 22), (69, 22), (69, 22), (69, 22), (69, 22), (69, 22), (69, 22), (69, 22)]
아랫줄 깨진 타일 [(69, 22), (69, 22), (69, 22), (69, 22), (69, 22), (69, 22), (69, 22), (69, 22)]
왼쪽 깨진 타일 [(24, 199), (24, 199), (24, 199)]
오른쪽 깨진 타일 [(61, 199), (61, 199), (61, 199)]
좌상 모서리 [(24, 22)]
우상 모서리 [(61, 22)]
좌하 모서리 [(24, 22)]
우하 모서리 [(61, 22)]
(expect) 너비, 높이, 면적: 69 199 13731
(truth) 선택한 영역의 넓이:  14000.0
(error) 1.9 %

7
Bin 1:
	(61, 199)	(0, 0)
Bin 2:
	(61, 199)	(0, 0)
Bin 3:
	(61, 199)	(0, 0)
Bin 4:
	(24, 199)	(0, 0)
	(24, 199)	(24, 0)
Bin 5:
	(24, 199)	(0, 0)
	(22, 69)	(24, 0)
	(22, 69)	(46, 0)
	(22, 69)	(24, 69)
	(22, 69)	(46, 69)
	(22, 61)	(24, 138)
	(22, 61)	(46, 138)
Bin 6:
	(69, 22)	(0, 0)
	(69, 22)	(0, 22)
	(69, 22)	(0, 44)
	(69, 22)	(0, 66)
	(69, 22)	(0, 88)
	(69, 22)	(0, 110)
	(69, 22)	(0, 132)
	(69, 22)	(0, 154)
	(69, 22)	(0, 176)
Bin 7:
	(69, 22)	(0, 0)
	(69, 22)	(0, 22)
	(69, 22)	(0, 44)
	(24, 22)	(0, 66)
	(24, 22)	(24, 66)
깨진 타일 수 : 26
깨진 타일로 패킹하여 만든 온장 수 : 7
깨지지 않은 타일 수 :  24
